prob_class1 = 0.1434776047580577
ASC_car = 2.6462112337457238
B_cost = -0.017211521069246435
ASC_rail = 0.6669236965138875
B_time = -0.2217292077575637
