ASC_car = 2.4652311788350993
B_time = -0.9305637878132774
B_cost = -1.4732485578910623
ASC_rail = 0.6655562347518086
